26 1
31 1
36 1
37 1
39 1
46 1
50 1
56 1
59 1
2 2
3 2
4 2
8 2
17 2
19 2
22 2
28 2
31 2
35 2
42 2
47 2
53 2
58 2
11 3
17 3
21 3
33 3
36 3
37 3
45 3
2 4
4 4
17 4
30 4
41 4
56 4
57 4
1 5
4 5
5 5
10 5
11 5
16 5
19 5
47 5
48 5
50 5
55 5
9 6
11 6
14 6
16 6
18 6
26 6
33 6
2 7
11 7
24 7
33 7
36 7
46 7
47 7
56 7
58 7
3 8
11 8
25 8
28 8
30 8
33 8
36 8
44 8
51 8
19 9
27 9
42 9
43 9
49 9
50 9
53 9
56 9
5 10
9 10
11 10
12 10
17 10
22 10
36 10
37 10
40 10
42 10
43 10
6 11
8 11
11 12
12 12
20 12
35 12
36 12
38 12
41 12
52 12
3 13
15 13
18 13
34 13
37 13
49 13
56 13
3 14
7 14
10 14
18 14
24 14
27 14
40 14
46 14
47 14
48 14
57 14
