1 1
2 1
3 1
4 1
6 1
9 1
10 1
11 1
12 1
15 1
16 1
19 1
24 1
26 1
27 1
31 1
35 1
37 1
43 1
46 1
52 1
54 1
55 1
56 1
1 2
6 2
8 2
14 2
17 2
19 2
20 2
24 2
28 2
29 2
31 2
33 2
34 2
35 2
38 2
39 2
40 2
41 2
43 2
44 2
51 2
56 2
58 2
2 3
4 3
6 3
12 3
13 3
14 3
17 3
18 3
19 3
21 3
22 3
23 3
24 3
26 3
32 3
33 3
41 3
44 3
47 3
49 3
50 3
53 3
56 3
57 3
58 3
4 4
10 4
15 4
16 4
18 4
19 4
22 4
23 4
24 4
25 4
30 4
32 4
34 4
38 4
39 4
40 4
41 4
50 4
56 4
57 4
1 5
4 5
6 5
7 5
8 5
10 5
11 5
12 5
14 5
15 5
17 5
18 5
19 5
33 5
34 5
36 5
42 5
43 5
45 5
46 5
50 5
51 5
52 5
54 5
59 5
1 6
2 6
3 6
4 6
5 6
6 6
9 6
13 6
15 6
16 6
24 6
27 6
29 6
32 6
34 6
35 6
39 6
40 6
41 6
43 6
44 6
46 6
53 6
58 6
59 6
1 7
2 7
3 7
6 7
8 7
9 7
11 7
19 7
22 7
25 7
31 7
33 7
34 7
36 7
37 7
38 7
41 7
42 7
48 7
50 7
55 7
56 7
57 7
58 7
59 7
1 8
4 8
6 8
8 8
14 8
15 8
16 8
17 8
19 8
21 8
24 8
33 8
38 8
39 8
40 8
42 8
44 8
45 8
46 8
49 8
50 8
55 8
56 8
59 8
6 9
8 9
11 9
13 9
20 9
21 9
24 9
25 9
27 9
32 9
33 9
35 9
36 9
37 9
39 9
41 9
45 9
47 9
51 9
55 9
56 9
1 10
3 10
6 10
7 10
10 10
11 10
14 10
20 10
21 10
24 10
25 10
26 10
27 10
30 10
31 10
32 10
34 10
35 10
36 10
37 10
38 10
40 10
47 10
51 10
52 10
53 10
54 10
56 10
58 10
59 10
3 11
6 11
8 11
10 11
12 11
13 11
15 11
16 11
18 11
22 11
23 11
25 11
26 11
27 11
29 11
33 11
35 11
39 11
40 11
42 11
43 11
46 11
47 11
48 11
51 11
52 11
55 11
57 11
58 11
59 11
2 12
7 12
8 12
10 12
13 12
18 12
20 12
23 12
24 12
25 12
26 12
28 12
29 12
30 12
41 12
42 12
43 12
46 12
50 12
53 12
56 12
58 12
1 13
4 13
12 13
13 13
14 13
17 13
18 13
22 13
23 13
24 13
27 13
30 13
35 13
43 13
44 13
45 13
47 13
50 13
55 13
56 13
1 14
3 14
7 14
11 14
13 14
14 14
18 14
20 14
21 14
22 14
25 14
26 14
27 14
29 14
32 14
36 14
37 14
38 14
48 14
50 14
53 14
3 15
5 15
6 15
8 15
9 15
10 15
11 15
14 15
16 15
18 15
20 15
21 15
22 15
24 15
25 15
26 15
33 15
34 15
36 15
37 15
39 15
40 15
41 15
43 15
45 15
54 15
55 15
59 15
2 16
4 16
6 16
7 16
8 16
9 16
11 16
13 16
15 16
19 16
20 16
21 16
22 16
27 16
32 16
34 16
35 16
36 16
38 16
40 16
42 16
43 16
45 16
47 16
48 16
54 16
55 16
58 16
2 17
4 17
5 17
7 17
9 17
11 17
14 17
15 17
16 17
17 17
20 17
21 17
22 17
24 17
25 17
28 17
30 17
31 17
34 17
38 17
41 17
45 17
47 17
51 17
54 17
55 17
57 17
58 17
1 18
2 18
4 18
7 18
8 18
11 18
12 18
13 18
19 18
22 18
23 18
28 18
30 18
32 18
34 18
39 18
41 18
43 18
45 18
50 18
51 18
52 18
53 18
55 18
56 18
57 18
58 18
5 19
6 19
8 19
11 19
12 19
14 19
16 19
17 19
19 19
20 19
24 19
31 19
33 19
34 19
35 19
36 19
38 19
39 19
40 19
42 19
43 19
45 19
46 19
47 19
50 19
53 19
56 19
57 19
58 19
59 19
5 20
8 20
9 20
10 20
12 20
14 20
15 20
18 20
19 20
22 20
24 20
25 20
26 20
27 20
28 20
29 20
34 20
36 20
40 20
49 20
51 20
53 20
56 20
58 20
1 21
3 21
5 21
6 21
12 21
13 21
14 21
17 21
19 21
20 21
21 21
25 21
30 21
31 21
36 21
38 21
39 21
41 21
44 21
46 21
49 21
50 21
53 21
56 21
57 21
58 21
59 21
1 22
2 22
4 22
6 22
9 22
10 22
15 22
16 22
17 22
18 22
22 22
24 22
26 22
27 22
31 22
38 22
39 22
40 22
44 22
48 22
49 22
52 22
53 22
2 23
3 23
4 23
7 23
10 23
11 23
12 23
14 23
17 23
20 23
23 23
26 23
34 23
36 23
38 23
43 23
44 23
47 23
49 23
50 23
52 23
1 24
2 24
4 24
5 24
6 24
7 24
11 24
14 24
15 24
21 24
24 24
25 24
27 24
37 24
39 24
40 24
41 24
42 24
43 24
46 24
49 24
50 24
51 24
53 24
54 24
55 24
56 24
57 24
58 24
